OpenFHE version        : 1.5.1
MATHBACKEND            : 4
NATIVEINT              : 64
MAX_MODULUS_SIZE       : 60
Compiler               : 13.3.0
Values come from       : ChineseRemainderTransformFTT<NativeVector>
                         ::ForwardTransformToBitReverseInPlace
                         ::InverseTransformFromBitReverseInPlace
                         (the functions NativePoly::SwitchFormat calls)

================================================================================
EXPERIMENT  n32-b8-q193
================================================================================

PARAMETERS
  ring                     Z_193[X] / (X^32 + 1)
  N   ring dimension                 32
  M   cyclotomic order               64   = 2N
  modulus bit size                    8
  q   modulus                       193   LastPrime<NativeInteger>(8, 64)
  psi 2N-th root of unity            11   RootOfUnity<NativeInteger>(64, 193)
  psi^-1                            158
  omega = psi^2                     121   an N-th root of unity
  N^-1 mod q                        187
  bit-reversal width                  5   = log2(N)
  Barrett mu                       2716   from q.ComputeMu()

  checks on the parameters
    (q-1) mod M = 0                                 OK
    psi^N mod q = 192, and q-1 = 192                OK
    psi^M mod q = 1                                 OK
    psi * psi^-1 mod q = 1                          OK
    N * N^-1 mod q = 1                              OK
    Barrett mu recomputed independently             OK

FORWARD TWIDDLE TABLE
  m_rootOfUnityReverseTableByModulus[q]

    slot   bin(slot)   brev(slot)   power          value   Shoup precon floor(w*2^64/q)
       0       00000        00000   psi^0             1        95578984837873324
       1       00001        10000   psi^16          112     10704846301841812336
       2       00010        01000   psi^8           150     14336847725680998665
       3       00011        11000   psi^24            9       860210863540859919
       4       00100        00100   psi^4           166     15866111483086971856
       5       00101        10100   psi^20           64      6117055029623892763
       6       00110        01100   psi^12            3       286736954513619973
       7       00111        11100   psi^28          143     13667794831815885394
       8       01000        00010   psi^2           121     11565057165382672256
       9       01001        10010   psi^18           42      4014317363190679626
      10       01010        01010   psi^10            8       764631878702986595
      11       01011        11010   psi^26          124     11851794119896292229
      12       01100        00110   psi^6            14      1338105787730226542
      13       01101        10110   psi^22           24      2293895636108959786
      14       01110        01110   psi^14          170     16248427422438465153
      15       01111        11110   psi^30          126     12042952089572038878
      16       10000        00001   psi^1            11      1051368833216606568
      17       10001        10001   psi^17           74      7072844878002626008
      18       10010        01001   psi^9           106     10131372392814572390
      19       10011        11001   psi^25           99      9462319498949459119
      20       10100        00101   psi^5            89      8506529650570725874
      21       10101        10101   psi^21          125     11947373104734165554
      22       10110        01101   psi^13           33      3154106499649819706
      23       10111        11101   psi^29           29      2771790560298326408
      24       11000        00011   psi^3           173     16535164376952085127
      25       11001        10011   psi^19           76      7264002847678372657
      26       11010        01011   psi^11           88      8410950665732852550
      27       11011        11011   psi^27           13      1242526802892353217
      28       11100        00111   psi^7           154     14719163665032491963
      29       11101        10111   psi^23           71      6786107923489006034
      30       11110        01111   psi^15          133     12712004983437152149
      31       11111        11111   psi^31           35      3345264469325566355

INVERSE TWIDDLE TABLE
  m_rootOfUnityInverseReverseTableByModulus[q]

    slot   bin(slot)   brev(slot)   power          value   Shoup precon floor(w*2^64/q)
       0       00000        00000   psi^-0            1        95578984837873324
       1       00001        10000   psi^-16          81      7741897771867739279
       2       00010        01000   psi^-8          184     17586533210168691696
       3       00011        11000   psi^-24          43      4109896348028552950
       4       00100        00100   psi^-4           50      4778949241893666221
       5       00101        10100   psi^-20         190     18160007119195931642
       6       00110        01100   psi^-12         129     12329689044085658852
       7       00111        11100   psi^-28          27      2580632590622579759
       8       01000        00010   psi^-2           67      6403791984137512737
       9       01001        10010   psi^-18          23      2198316651271086462
      10       01010        01010   psi^-10         169     16152848437600591829
      11       01011        11010   psi^-26         179     17108638285979325073
      12       01100        00110   psi^-6           69      6594949953813259386
      13       01101        10110   psi^-22         185     17682112195006565020
      14       01110        01110   psi^-14         151     14432426710518871989
      15       01111        11110   psi^-30          72      6881686908326879359
      16       10000        00001   psi^-1          158     15101479604383985260
      17       10001        10001   psi^-17          60      5734739090272399466
      18       10010        01001   psi^-9          122     11660636150220545581
      19       10011        11001   psi^-25          39      3727580408677059652
      20       10100        00101   psi^-5          180     17204217270817198398
      21       10101        10101   psi^-21         105     10035793407976699065
      22       10110        01101   psi^-13         117     11182741226031178958
      23       10111        11101   psi^-29          20      1911579696757466488
      24       11000        00011   psi^-3          164     15674953513411225207
      25       11001        10011   psi^-19         160     15292637574059731909
      26       11010        01011   psi^-11          68      6499370968975386061
      27       11011        11011   psi^-27         104      9940214423138825741
      28       11100        00111   psi^-7           94      8984424574760092496
      29       11101        10111   psi^-23          87      8315371680894979225
      30       11110        01111   psi^-15         119     11373899195706925607
      31       11111        11111   psi^-31         182     17395375240492945047

  Slot 0 holds psi^0 = 1. The forward transform never reads it: its loops
  index the table from 1 upward.

CYCLOTOMIC-ORDER INVERSE TABLE
  m_cycloOrderInverseTableByModulus[q]

    index   (2^index)^-1 mod q   Shoup precon
        0                   1        95578984837873324
        1                  97      9271161529273712470
        2                 145     13858952801491632043
        3                 169     16152848437600591829
        4                 181     17299796255655071722
        5                 187     17873270164682311669

    the inverse transform reads index 5, which is N^-1 = 187  OK

FUSED FINAL TWIDDLE OF THE INVERSE TRANSFORM
  omega1Inv = TableI[1] * N^-1 = 81 * 187 mod 193 = 93
  which is psi^-(N/2) * N^-1 = 81 * 187 = 93   OK
  OpenFHE puts the division by N into this twiddle for the upper half of the
  array, then multiplies only the lower half by N^-1. See OpenFHE issue 872.

TWIDDLE FACTORS USED BY EACH STAGE, FORWARD
  stage 1   m =   1   stride t =  16   slots 1..1   twiddles 112
  stage 2   m =   2   stride t =   8   slots 2..3   twiddles 150, 9
  stage 3   m =   4   stride t =   4   slots 4..7   twiddles 166, 64, 3, 143
  stage 4   m =   8   stride t =   2   slots 8..15   twiddles 121, 42, 8, 124, 14, 24, 170, 126
  stage 5   m =  16   stride t =   1   slots 16..31   twiddles 11, 74, 106, 99, 89, 125, 33, 29, 173, 76, 88, 13, 154, 71, 133, 35

TWIDDLE FACTORS USED BY EACH STAGE, INVERSE
  stage 1   m =  16   stride t =   1   slots 16..31   twiddles 158, 60, 122, 39, 180, 105, 117, 20, 164, 160, 68, 104, 94, 87, 119, 182
  stage 2   m =   8   stride t =   2   slots 8..15   twiddles 67, 23, 169, 179, 69, 185, 151, 72
  stage 3   m =   4   stride t =   4   slots 4..7   twiddles 50, 190, 129, 27
  stage 4   m =   2   stride t =   8   slots 2..3   twiddles 184, 43
  stage 5   m =   1   stride t =  16   slots 1..1   twiddles 81   (used as omega1Inv = 93)

EVALUATION POINTS
  The forward transform leaves slot p holding a(psi^(2*brev(p)+1)).

    slot p   brev(p)   exponent   point = psi^exponent mod q
         0         0          1                           11
         1        16         33                          182
         2         8         17                           74
         3        24         49                          119
         4         4          9                          106
         5        20         41                           87
         6        12         25                           99
         7        28         57                           94
         8         2          5                           89
         9        18         37                          104
        10        10         21                          125
        11        26         53                           68
        12         6         13                           33
        13        22         45                          160
        14        14         29                           29
        15        30         61                          164
        16         1          3                          173
        17        17         35                           20
        18         9         19                           76
        19        25         51                          117
        20         5         11                           88
        21        21         43                          105
        22        13         27                           13
        23        29         59                          180
        24         3          7                          154
        25        19         39                           39
        26        11         23                           71
        27        27         55                          122
        28         7         15                          133
        29        23         47                           60
        30        15         31                           35
        31        31         63                          158

--------------------------------------------------------------------------------
CASE delta0   a(X) = 1
  The constant polynomial 1. Its value is 1 at every point, so the transform
  is all ones. This is the simplest test.

  input, coefficient form   [ 1, 0, 0, 0, 0, 0, 0, 0, 0, 0, 0, 0, 0, 0, 0, 0, 0, 0, 0, 0, 0, 0, 0, 0, 0, 0, 0, 0, 0, 0, 0, 0 ]
  forward NTT output        [ 1, 1, 1, 1, 1, 1, 1, 1, 1, 1, 1, 1, 1, 1, 1, 1, 1, 1, 1, 1, 1, 1, 1, 1, 1, 1, 1, 1, 1, 1, 1, 1 ]
    independent O(N^2)      [ 1, 1, 1, 1, 1, 1, 1, 1, 1, 1, 1, 1, 1, 1, 1, 1, 1, 1, 1, 1, 1, 1, 1, 1, 1, 1, 1, 1, 1, 1, 1, 1 ]   MATCH
  inverse NTT output        [ 1, 0, 0, 0, 0, 0, 0, 0, 0, 0, 0, 0, 0, 0, 0, 0, 0, 0, 0, 0, 0, 0, 0, 0, 0, 0, 0, 0, 0, 0, 0, 0 ]
    independent O(N^2)      [ 1, 0, 0, 0, 0, 0, 0, 0, 0, 0, 0, 0, 0, 0, 0, 0, 0, 0, 0, 0, 0, 0, 0, 0, 0, 0, 0, 0, 0, 0, 0, 0 ]   MATCH
  round trip equals the input                       OK
  NativePoly::SwitchFormat  [ 1, 1, 1, 1, 1, 1, 1, 1, 1, 1, 1, 1, 1, 1, 1, 1, 1, 1, 1, 1, 1, 1, 1, 1, 1, 1, 1, 1, 1, 1, 1, 1 ]   MATCH

--------------------------------------------------------------------------------
CASE delta1   a(X) = X
  The value of X at a point is the point. This transform is therefore the list
  of evaluation points: out[p] = psi^(2*brev(p)+1).

  input, coefficient form   [ 0, 1, 0, 0, 0, 0, 0, 0, 0, 0, 0, 0, 0, 0, 0, 0, 0, 0, 0, 0, 0, 0, 0, 0, 0, 0, 0, 0, 0, 0, 0, 0 ]
  forward NTT output        [ 11, 182, 74, 119, 106, 87, 99, 94, 89, 104, 125, 68, 33, 160, 29, 164, 173, 20, 76, 117, 88, 105, 13, 180, 154, 39, 71, 122, 133, 60, 35, 158 ]
    independent O(N^2)      [ 11, 182, 74, 119, 106, 87, 99, 94, 89, 104, 125, 68, 33, 160, 29, 164, 173, 20, 76, 117, 88, 105, 13, 180, 154, 39, 71, 122, 133, 60, 35, 158 ]   MATCH
  inverse NTT output        [ 0, 1, 0, 0, 0, 0, 0, 0, 0, 0, 0, 0, 0, 0, 0, 0, 0, 0, 0, 0, 0, 0, 0, 0, 0, 0, 0, 0, 0, 0, 0, 0 ]
    independent O(N^2)      [ 0, 1, 0, 0, 0, 0, 0, 0, 0, 0, 0, 0, 0, 0, 0, 0, 0, 0, 0, 0, 0, 0, 0, 0, 0, 0, 0, 0, 0, 0, 0, 0 ]   MATCH
  round trip equals the input                       OK
  NativePoly::SwitchFormat  [ 11, 182, 74, 119, 106, 87, 99, 94, 89, 104, 125, 68, 33, 160, 29, 164, 173, 20, 76, 117, 88, 105, 13, 180, 154, 39, 71, 122, 133, 60, 35, 158 ]   MATCH

--------------------------------------------------------------------------------
CASE ramp   a_i = i
  A ramp. It has no symmetry that can hide a mistake.

  input, coefficient form   [ 0, 1, 2, 3, 4, 5, 6, 7, 8, 9, 10, 11, 12, 13, 14, 15, 16, 17, 18, 19, 20, 21, 22, 23, 24, 25, 26, 27, 28, 29, 30, 31 ]
  forward NTT output        [ 163, 32, 181, 108, 94, 2, 131, 56, 67, 0, 40, 176, 59, 68, 91, 191, 15, 15, 30, 93, 39, 141, 27, 12, 180, 77, 129, 20, 134, 161, 123, 47 ]
    independent O(N^2)      [ 163, 32, 181, 108, 94, 2, 131, 56, 67, 0, 40, 176, 59, 68, 91, 191, 15, 15, 30, 93, 39, 141, 27, 12, 180, 77, 129, 20, 134, 161, 123, 47 ]   MATCH
  inverse NTT output        [ 0, 1, 2, 3, 4, 5, 6, 7, 8, 9, 10, 11, 12, 13, 14, 15, 16, 17, 18, 19, 20, 21, 22, 23, 24, 25, 26, 27, 28, 29, 30, 31 ]
    independent O(N^2)      [ 0, 1, 2, 3, 4, 5, 6, 7, 8, 9, 10, 11, 12, 13, 14, 15, 16, 17, 18, 19, 20, 21, 22, 23, 24, 25, 26, 27, 28, 29, 30, 31 ]   MATCH
  round trip equals the input                       OK
  NativePoly::SwitchFormat  [ 163, 32, 181, 108, 94, 2, 131, 56, 67, 0, 40, 176, 59, 68, 91, 191, 15, 15, 30, 93, 39, 141, 27, 12, 180, 77, 129, 20, 134, 161, 123, 47 ]   MATCH

--------------------------------------------------------------------------------
CASE ones   a_i = 1
  Every coefficient is 1. The output looks random, but it is only this
  polynomial at N different points.

  input, coefficient form   [ 1, 1, 1, 1, 1, 1, 1, 1, 1, 1, 1, 1, 1, 1, 1, 1, 1, 1, 1, 1, 1, 1, 1, 1, 1, 1, 1, 1, 1, 1, 1, 1 ]
  forward NTT output        [ 77, 161, 74, 157, 136, 184, 63, 166, 57, 163, 28, 144, 12, 159, 124, 103, 92, 71, 36, 183, 51, 167, 32, 138, 29, 132, 11, 59, 38, 121, 34, 118 ]
    independent O(N^2)      [ 77, 161, 74, 157, 136, 184, 63, 166, 57, 163, 28, 144, 12, 159, 124, 103, 92, 71, 36, 183, 51, 167, 32, 138, 29, 132, 11, 59, 38, 121, 34, 118 ]   MATCH
  inverse NTT output        [ 1, 1, 1, 1, 1, 1, 1, 1, 1, 1, 1, 1, 1, 1, 1, 1, 1, 1, 1, 1, 1, 1, 1, 1, 1, 1, 1, 1, 1, 1, 1, 1 ]
    independent O(N^2)      [ 1, 1, 1, 1, 1, 1, 1, 1, 1, 1, 1, 1, 1, 1, 1, 1, 1, 1, 1, 1, 1, 1, 1, 1, 1, 1, 1, 1, 1, 1, 1, 1 ]   MATCH
  round trip equals the input                       OK
  NativePoly::SwitchFormat  [ 77, 161, 74, 157, 136, 184, 63, 166, 57, 163, 28, 144, 12, 159, 124, 103, 92, 71, 36, 183, 51, 167, 32, 138, 29, 132, 11, 59, 38, 121, 34, 118 ]   MATCH

--------------------------------------------------------------------------------
CASE sparse   a(X) = 3 + 5X^(N-1)
  Two non-zero coefficients. One is at the top degree, where X^N = -1 becomes
  important.

  input, coefficient form   [ 3, 0, 0, 0, 0, 0, 0, 0, 0, 0, 0, 0, 0, 0, 0, 0, 0, 0, 0, 0, 0, 0, 0, 0, 0, 0, 0, 0, 0, 0, 0, 5 ]
  forward NTT output        [ 178, 21, 89, 110, 165, 34, 1, 5, 68, 131, 57, 142, 190, 9, 96, 103, 148, 51, 168, 31, 49, 150, 62, 137, 112, 87, 147, 52, 180, 19, 58, 141 ]
    independent O(N^2)      [ 178, 21, 89, 110, 165, 34, 1, 5, 68, 131, 57, 142, 190, 9, 96, 103, 148, 51, 168, 31, 49, 150, 62, 137, 112, 87, 147, 52, 180, 19, 58, 141 ]   MATCH
  inverse NTT output        [ 3, 0, 0, 0, 0, 0, 0, 0, 0, 0, 0, 0, 0, 0, 0, 0, 0, 0, 0, 0, 0, 0, 0, 0, 0, 0, 0, 0, 0, 0, 0, 5 ]
    independent O(N^2)      [ 3, 0, 0, 0, 0, 0, 0, 0, 0, 0, 0, 0, 0, 0, 0, 0, 0, 0, 0, 0, 0, 0, 0, 0, 0, 0, 0, 0, 0, 0, 0, 5 ]   MATCH
  round trip equals the input                       OK
  NativePoly::SwitchFormat  [ 178, 21, 89, 110, 165, 34, 1, 5, 68, 131, 57, 142, 190, 9, 96, 103, 148, 51, 168, 31, 49, 150, 62, 137, 112, 87, 147, 52, 180, 19, 58, 141 ]   MATCH

--------------------------------------------------------------------------------
CASE random   pseudo-random coefficients
  What a real ciphertext polynomial looks like: uniform residues mod q. A
  fixed-seed xorshift64* generates them, so the trace repeats exactly.

  input, coefficient form   [ 31, 31, 54, 167, 104, 33, 34, 136, 107, 97, 184, 92, 66, 92, 121, 95, 48, 34, 75, 132, 164, 142, 42, 133, 114, 57, 120, 124, 137, 187, 9, 169 ]
  forward NTT output        [ 149, 8, 35, 86, 127, 8, 54, 100, 96, 63, 68, 118, 184, 168, 65, 70, 144, 78, 146, 144, 182, 144, 53, 107, 157, 129, 7, 125, 167, 161, 50, 115 ]
    independent O(N^2)      [ 149, 8, 35, 86, 127, 8, 54, 100, 96, 63, 68, 118, 184, 168, 65, 70, 144, 78, 146, 144, 182, 144, 53, 107, 157, 129, 7, 125, 167, 161, 50, 115 ]   MATCH
  inverse NTT output        [ 31, 31, 54, 167, 104, 33, 34, 136, 107, 97, 184, 92, 66, 92, 121, 95, 48, 34, 75, 132, 164, 142, 42, 133, 114, 57, 120, 124, 137, 187, 9, 169 ]
    independent O(N^2)      [ 31, 31, 54, 167, 104, 33, 34, 136, 107, 97, 184, 92, 66, 92, 121, 95, 48, 34, 75, 132, 164, 142, 42, 133, 114, 57, 120, 124, 137, 187, 9, 169 ]   MATCH
  round trip equals the input                       OK
  NativePoly::SwitchFormat  [ 149, 8, 35, 86, 127, 8, 54, 100, 96, 63, 68, 118, 184, 168, 65, 70, 144, 78, 146, 144, 182, 144, 53, 107, 157, 129, 7, 125, 167, 161, 50, 115 ]   MATCH

--------------------------------------------------------------------------------
CASE nearmax   a_i = q-1
  Every coefficient is at the largest residue. The conditional subtractions
  inside the butterfly then run.

  input, coefficient form   [ 192, 192, 192, 192, 192, 192, 192, 192, 192, 192, 192, 192, 192, 192, 192, 192, 192, 192, 192, 192, 192, 192, 192, 192, 192, 192, 192, 192, 192, 192, 192, 192 ]
  forward NTT output        [ 116, 32, 119, 36, 57, 9, 130, 27, 136, 30, 165, 49, 181, 34, 69, 90, 101, 122, 157, 10, 142, 26, 161, 55, 164, 61, 182, 134, 155, 72, 159, 75 ]
    independent O(N^2)      [ 116, 32, 119, 36, 57, 9, 130, 27, 136, 30, 165, 49, 181, 34, 69, 90, 101, 122, 157, 10, 142, 26, 161, 55, 164, 61, 182, 134, 155, 72, 159, 75 ]   MATCH
  inverse NTT output        [ 192, 192, 192, 192, 192, 192, 192, 192, 192, 192, 192, 192, 192, 192, 192, 192, 192, 192, 192, 192, 192, 192, 192, 192, 192, 192, 192, 192, 192, 192, 192, 192 ]
    independent O(N^2)      [ 192, 192, 192, 192, 192, 192, 192, 192, 192, 192, 192, 192, 192, 192, 192, 192, 192, 192, 192, 192, 192, 192, 192, 192, 192, 192, 192, 192, 192, 192, 192, 192 ]   MATCH
  round trip equals the input                       OK
  NativePoly::SwitchFormat  [ 116, 32, 119, 36, 57, 9, 130, 27, 136, 30, 165, 49, 181, 34, 69, 90, 101, 122, 157, 10, 142, 26, 161, 55, 164, 61, 182, 134, 155, 72, 159, 75 ]   MATCH

--------------------------------------------------------------------------------
NEGACYCLIC PRODUCT square   X * X = X^2
  The simplest product. Nothing passes the top degree.

  a                         [ 0, 1, 0, 0, 0, 0, 0, 0, 0, 0, 0, 0, 0, 0, 0, 0, 0, 0, 0, 0, 0, 0, 0, 0, 0, 0, 0, 0, 0, 0, 0, 0 ]
  b                         [ 0, 1, 0, 0, 0, 0, 0, 0, 0, 0, 0, 0, 0, 0, 0, 0, 0, 0, 0, 0, 0, 0, 0, 0, 0, 0, 0, 0, 0, 0, 0, 0 ]
  NTT(a)                    [ 11, 182, 74, 119, 106, 87, 99, 94, 89, 104, 125, 68, 33, 160, 29, 164, 173, 20, 76, 117, 88, 105, 13, 180, 154, 39, 71, 122, 133, 60, 35, 158 ]
  NTT(b)                    [ 11, 182, 74, 119, 106, 87, 99, 94, 89, 104, 125, 68, 33, 160, 29, 164, 173, 20, 76, 117, 88, 105, 13, 180, 154, 39, 71, 122, 133, 60, 35, 158 ]
  one product per slot      [ 121, 121, 72, 72, 42, 42, 151, 151, 8, 8, 185, 185, 124, 124, 69, 69, 14, 14, 179, 179, 24, 24, 169, 169, 170, 170, 23, 23, 126, 126, 67, 67 ]
  INTT of that              [ 0, 0, 1, 0, 0, 0, 0, 0, 0, 0, 0, 0, 0, 0, 0, 0, 0, 0, 0, 0, 0, 0, 0, 0, 0, 0, 0, 0, 0, 0, 0, 0 ]
  schoolbook product        [ 0, 0, 1, 0, 0, 0, 0, 0, 0, 0, 0, 0, 0, 0, 0, 0, 0, 0, 0, 0, 0, 0, 0, 0, 0, 0, 0, 0, 0, 0, 0, 0 ]   MATCH
  multiplications           direct 1024
                            through the transform 288 = 240 in butterflies + 32 pointwise + 16 by N^-1

--------------------------------------------------------------------------------
NEGACYCLIC PRODUCT wrap   X^(N-1) * X = X^N = -1
  The purpose of this ring. The product passes degree N, returns to degree 0,
  and changes sign.

  a                         [ 0, 0, 0, 0, 0, 0, 0, 0, 0, 0, 0, 0, 0, 0, 0, 0, 0, 0, 0, 0, 0, 0, 0, 0, 0, 0, 0, 0, 0, 0, 0, 1 ]
  b                         [ 0, 1, 0, 0, 0, 0, 0, 0, 0, 0, 0, 0, 0, 0, 0, 0, 0, 0, 0, 0, 0, 0, 0, 0, 0, 0, 0, 0, 0, 0, 0, 0 ]
  NTT(a)                    [ 35, 158, 133, 60, 71, 122, 154, 39, 13, 180, 88, 105, 76, 117, 173, 20, 29, 164, 33, 160, 125, 68, 89, 104, 99, 94, 106, 87, 74, 119, 11, 182 ]
  NTT(b)                    [ 11, 182, 74, 119, 106, 87, 99, 94, 89, 104, 125, 68, 33, 160, 29, 164, 173, 20, 76, 117, 88, 105, 13, 180, 154, 39, 71, 122, 133, 60, 35, 158 ]
  one product per slot      [ 192, 192, 192, 192, 192, 192, 192, 192, 192, 192, 192, 192, 192, 192, 192, 192, 192, 192, 192, 192, 192, 192, 192, 192, 192, 192, 192, 192, 192, 192, 192, 192 ]
  INTT of that              [ 192, 0, 0, 0, 0, 0, 0, 0, 0, 0, 0, 0, 0, 0, 0, 0, 0, 0, 0, 0, 0, 0, 0, 0, 0, 0, 0, 0, 0, 0, 0, 0 ]
  schoolbook product        [ 192, 0, 0, 0, 0, 0, 0, 0, 0, 0, 0, 0, 0, 0, 0, 0, 0, 0, 0, 0, 0, 0, 0, 0, 0, 0, 0, 0, 0, 0, 0, 0 ]   MATCH
  multiplications           direct 1024
                            through the transform 288 = 240 in butterflies + 32 pointwise + 16 by N^-1

--------------------------------------------------------------------------------
NEGACYCLIC PRODUCT random   two random polynomials
  The realistic case.

  a                         [ 92, 34, 130, 25, 62, 130, 37, 52, 72, 176, 122, 106, 114, 133, 58, 16, 77, 86, 24, 183, 19, 107, 88, 102, 31, 59, 40, 64, 129, 143, 135, 152 ]
  b                         [ 68, 163, 29, 30, 20, 170, 97, 160, 112, 102, 28, 125, 42, 175, 85, 79, 165, 52, 171, 132, 113, 58, 79, 92, 155, 55, 184, 112, 27, 125, 72, 178 ]
  NTT(a)                    [ 176, 162, 183, 92, 69, 79, 42, 69, 92, 96, 160, 48, 175, 150, 16, 45, 182, 102, 140, 43, 125, 106, 65, 192, 52, 167, 32, 5, 111, 126, 125, 103 ]
  NTT(b)                    [ 190, 87, 33, 45, 74, 161, 114, 73, 98, 3, 166, 173, 51, 102, 23, 85, 136, 161, 143, 104, 73, 145, 173, 92, 145, 167, 151, 29, 148, 162, 183, 37 ]
  one product per slot      [ 51, 5, 56, 87, 88, 174, 156, 19, 138, 95, 119, 5, 47, 53, 175, 158, 48, 17, 141, 33, 54, 123, 51, 101, 13, 97, 7, 145, 23, 147, 101, 144 ]
  INTT of that              [ 186, 91, 191, 189, 42, 70, 65, 51, 120, 104, 190, 32, 98, 79, 121, 129, 42, 130, 48, 97, 137, 155, 121, 93, 71, 44, 161, 15, 191, 41, 136, 94 ]
  schoolbook product        [ 186, 91, 191, 189, 42, 70, 65, 51, 120, 104, 190, 32, 98, 79, 121, 129, 42, 130, 48, 97, 137, 155, 121, 93, 71, 44, 161, 15, 191, 41, 136, 94 ]   MATCH
  multiplications           direct 1024
                            through the transform 288 = 240 in butterflies + 32 pointwise + 16 by N^-1

--------------------------------------------------------------------------------
RESULT  n32-b8-q193: 173 checks, 0 failures  ALL PASSED

