OpenFHE version        : 1.5.1
MATHBACKEND            : 4
NATIVEINT              : 64
MAX_MODULUS_SIZE       : 60
Compiler               : 13.3.0
Values come from       : ChineseRemainderTransformFTT<NativeVector>
                         ::ForwardTransformToBitReverseInPlace
                         ::InverseTransformFromBitReverseInPlace
                         (the functions NativePoly::SwitchFormat calls)

================================================================================
EXPERIMENT  n32-b9-q449
================================================================================

PARAMETERS
  ring                     Z_449[X] / (X^32 + 1)
  N   ring dimension                 32
  M   cyclotomic order               64   = 2N
  modulus bit size                    9
  q   modulus                       449   LastPrime<NativeInteger>(9, 64)
  psi 2N-th root of unity            24   RootOfUnity<NativeInteger>(64, 449)
  psi^-1                            131
  omega = psi^2                     127   an N-th root of unity
  N^-1 mod q                        435
  bit-reversal width                  5   = log2(N)
  Barrett mu                       4670   from q.ComputeMu()

  checks on the parameters
    (q-1) mod M = 0                                 OK
    psi^N mod q = 448, and q-1 = 448                OK
    psi^M mod q = 1                                 OK
    psi * psi^-1 mod q = 1                          OK
    N * N^-1 mod q = 1                              OK
    Barrett mu recomputed independently             OK

FORWARD TWIDDLE TABLE
  m_rootOfUnityReverseTableByModulus[q]

    slot   bin(slot)   brev(slot)   power          value   Shoup precon floor(w*2^64/q)
       0       00000        00000   psi^0             1        41084062524965593
       1       00001        10000   psi^16           67      2752632189172694784
       2       00010        01000   psi^8           327     13434488445663749172
       3       00011        11000   psi^24          357     14667010321412716986
       4       00100        00100   psi^4           414     17008801885335755833
       5       00101        10100   psi^20          349     14338337821212992236
       6       00110        01100   psi^12          229      9408250318217120980
       7       00111        11100   psi^28           77      3163472814422350722
       8       01000        00010   psi^2           127      5217675940670630412
       9       01001        10010   psi^18          427     17542894698160308552
      10       01010        01010   psi^10          221      9079577818017396229
      11       01011        11010   psi^26          439     18035903448459895678
      12       01100        00110   psi^6            45      1848782813623451720
      13       01101        10110   psi^22          321     13187984070513955609
      14       01110        01110   psi^14          347     14256169696163061048
      15       01111        11110   psi^30          350     14379421883737957829
      16       10000        00001   psi^1            24       986017500599174251
      17       10001        10001   psi^17          261     10722940319016019981
      18       10010        01001   psi^9           215      8833073442867602666
      19       10011        11001   psi^25           37      1520110313423726970
      20       10100        00101   psi^5            58      2382875626448004440
      21       10101        10101   psi^21          294     12078714382339884577
      22       10110        01101   psi^13          108      4437078752696284130
      23       10111        11101   psi^29           52      2136371251298210877
      24       11000        00011   psi^3           354     14543758133837820205
      25       11001        10011   psi^19          370     15201103134237269705
      26       11010        01011   psi^11          365     14995682821612441736
      27       11011        11011   psi^27          209      8586569067717809104
      28       11100        00111   psi^7           182      7477299379543738071
      29       11101        10111   psi^23           71      2916968439272557159
      30       11110        01111   psi^15          246     10106679381141536074
      31       11111        11111   psi^31          318     13064731882939058828

INVERSE TWIDDLE TABLE
  m_rootOfUnityInverseReverseTableByModulus[q]

    slot   bin(slot)   brev(slot)   power          value   Shoup precon floor(w*2^64/q)
       0       00000        00000   psi^-0            1        41084062524965593
       1       00001        10000   psi^-16         382     15694111884536856831
       2       00010        01000   psi^-8           92      3779733752296834629
       3       00011        11000   psi^-24         122      5012255628045802443
       4       00100        00100   psi^-4          372     15283271259287200893
       5       00101        10100   psi^-20         220      9038493755492430635
       6       00110        01100   psi^-12         100      4108406252496559379
       7       00111        11100   psi^-28          35      1437942188373795782
       8       01000        00010   psi^-2           99      4067322189971593786
       9       01001        10010   psi^-18         102      4190574377546490567
      10       01010        01010   psi^-10         128      5258760003195596006
      11       01011        11010   psi^-26         404     16597961260086099895
      12       01100        00110   psi^-6           10       410840625249655937
      13       01101        10110   psi^-22         228      9367166255692155386
      14       01110        01110   psi^-14          22       903849375549243063
      15       01111        11110   psi^-30         322     13229068133038921203
      16       10000        00001   psi^-1          131      5382012190770492787
      17       10001        10001   psi^-17         203      8340064692568015541
      18       10010        01001   psi^-9          378     15529775634436994456
      19       10011        11001   psi^-25         267     10969444694165813544
      20       10100        00101   psi^-5          240      9860175005991742511
      21       10101        10101   psi^-21          84      3451061252097109879
      22       10110        01101   psi^-13          79      3245640939472281910
      23       10111        11101   psi^-29          95      3902985939871731410
      24       11000        00011   psi^-3          397     16310372822411340738
      25       11001        10011   psi^-19         341     14009665321013267485
      26       11010        01011   psi^-11         155      6368029691369667038
      27       11011        11011   psi^-27         391     16063868447261547175
      28       11100        00111   psi^-7          412     16926633760285824645
      29       11101        10111   psi^-23         234      9613670630841948949
      30       11110        01111   psi^-15         188      7723803754693531634
      31       11111        11111   psi^-31         425     17460726573110377364

  Slot 0 holds psi^0 = 1. The forward transform never reads it: its loops
  index the table from 1 upward.

CYCLOTOMIC-ORDER INVERSE TABLE
  m_cycloOrderInverseTableByModulus[q]

    index   (2^index)^-1 mod q   Shoup precon
        0                   1        41084062524965593
        1                 225      9243914068117258604
        2                 337     13845329070913405110
        3                 393     16146036572311478363
        4                 421     17296390323010514989
        5                 435     17871567198360033302

    the inverse transform reads index 5, which is N^-1 = 435  OK

FUSED FINAL TWIDDLE OF THE INVERSE TRANSFORM
  omega1Inv = TableI[1] * N^-1 = 382 * 435 mod 449 = 40
  which is psi^-(N/2) * N^-1 = 382 * 435 = 40   OK
  OpenFHE puts the division by N into this twiddle for the upper half of the
  array, then multiplies only the lower half by N^-1. See OpenFHE issue 872.

TWIDDLE FACTORS USED BY EACH STAGE, FORWARD
  stage 1   m =   1   stride t =  16   slots 1..1   twiddles 67
  stage 2   m =   2   stride t =   8   slots 2..3   twiddles 327, 357
  stage 3   m =   4   stride t =   4   slots 4..7   twiddles 414, 349, 229, 77
  stage 4   m =   8   stride t =   2   slots 8..15   twiddles 127, 427, 221, 439, 45, 321, 347, 350
  stage 5   m =  16   stride t =   1   slots 16..31   twiddles 24, 261, 215, 37, 58, 294, 108, 52, 354, 370, 365, 209, 182, 71, 246, 318

TWIDDLE FACTORS USED BY EACH STAGE, INVERSE
  stage 1   m =  16   stride t =   1   slots 16..31   twiddles 131, 203, 378, 267, 240, 84, 79, 95, 397, 341, 155, 391, 412, 234, 188, 425
  stage 2   m =   8   stride t =   2   slots 8..15   twiddles 99, 102, 128, 404, 10, 228, 22, 322
  stage 3   m =   4   stride t =   4   slots 4..7   twiddles 372, 220, 100, 35
  stage 4   m =   2   stride t =   8   slots 2..3   twiddles 92, 122
  stage 5   m =   1   stride t =  16   slots 1..1   twiddles 382   (used as omega1Inv = 40)

EVALUATION POINTS
  The forward transform leaves slot p holding a(psi^(2*brev(p)+1)).

    slot p   brev(p)   exponent   point = psi^exponent mod q
         0         0          1                           24
         1        16         33                          425
         2         8         17                          261
         3        24         49                          188
         4         4          9                          215
         5        20         41                          234
         6        12         25                           37
         7        28         57                          412
         8         2          5                           58
         9        18         37                          391
        10        10         21                          294
        11        26         53                          155
        12         6         13                          108
        13        22         45                          341
        14        14         29                           52
        15        30         61                          397
        16         1          3                          354
        17        17         35                           95
        18         9         19                          370
        19        25         51                           79
        20         5         11                          365
        21        21         43                           84
        22        13         27                          209
        23        29         59                          240
        24         3          7                          182
        25        19         39                          267
        26        11         23                           71
        27        27         55                          378
        28         7         15                          246
        29        23         47                          203
        30        15         31                          318
        31        31         63                          131

--------------------------------------------------------------------------------
CASE delta0   a(X) = 1
  The constant polynomial 1. Its value is 1 at every point, so the transform
  is all ones. This is the simplest test.

  input, coefficient form   [ 1, 0, 0, 0, 0, 0, 0, 0, 0, 0, 0, 0, 0, 0, 0, 0, 0, 0, 0, 0, 0, 0, 0, 0, 0, 0, 0, 0, 0, 0, 0, 0 ]
  forward NTT output        [ 1, 1, 1, 1, 1, 1, 1, 1, 1, 1, 1, 1, 1, 1, 1, 1, 1, 1, 1, 1, 1, 1, 1, 1, 1, 1, 1, 1, 1, 1, 1, 1 ]
    independent O(N^2)      [ 1, 1, 1, 1, 1, 1, 1, 1, 1, 1, 1, 1, 1, 1, 1, 1, 1, 1, 1, 1, 1, 1, 1, 1, 1, 1, 1, 1, 1, 1, 1, 1 ]   MATCH
  inverse NTT output        [ 1, 0, 0, 0, 0, 0, 0, 0, 0, 0, 0, 0, 0, 0, 0, 0, 0, 0, 0, 0, 0, 0, 0, 0, 0, 0, 0, 0, 0, 0, 0, 0 ]
    independent O(N^2)      [ 1, 0, 0, 0, 0, 0, 0, 0, 0, 0, 0, 0, 0, 0, 0, 0, 0, 0, 0, 0, 0, 0, 0, 0, 0, 0, 0, 0, 0, 0, 0, 0 ]   MATCH
  round trip equals the input                       OK
  NativePoly::SwitchFormat  [ 1, 1, 1, 1, 1, 1, 1, 1, 1, 1, 1, 1, 1, 1, 1, 1, 1, 1, 1, 1, 1, 1, 1, 1, 1, 1, 1, 1, 1, 1, 1, 1 ]   MATCH

--------------------------------------------------------------------------------
CASE delta1   a(X) = X
  The value of X at a point is the point. This transform is therefore the list
  of evaluation points: out[p] = psi^(2*brev(p)+1).

  input, coefficient form   [ 0, 1, 0, 0, 0, 0, 0, 0, 0, 0, 0, 0, 0, 0, 0, 0, 0, 0, 0, 0, 0, 0, 0, 0, 0, 0, 0, 0, 0, 0, 0, 0 ]
  forward NTT output        [ 24, 425, 261, 188, 215, 234, 37, 412, 58, 391, 294, 155, 108, 341, 52, 397, 354, 95, 370, 79, 365, 84, 209, 240, 182, 267, 71, 378, 246, 203, 318, 131 ]
    independent O(N^2)      [ 24, 425, 261, 188, 215, 234, 37, 412, 58, 391, 294, 155, 108, 341, 52, 397, 354, 95, 370, 79, 365, 84, 209, 240, 182, 267, 71, 378, 246, 203, 318, 131 ]   MATCH
  inverse NTT output        [ 0, 1, 0, 0, 0, 0, 0, 0, 0, 0, 0, 0, 0, 0, 0, 0, 0, 0, 0, 0, 0, 0, 0, 0, 0, 0, 0, 0, 0, 0, 0, 0 ]
    independent O(N^2)      [ 0, 1, 0, 0, 0, 0, 0, 0, 0, 0, 0, 0, 0, 0, 0, 0, 0, 0, 0, 0, 0, 0, 0, 0, 0, 0, 0, 0, 0, 0, 0, 0 ]   MATCH
  round trip equals the input                       OK
  NativePoly::SwitchFormat  [ 24, 425, 261, 188, 215, 234, 37, 412, 58, 391, 294, 155, 108, 341, 52, 397, 354, 95, 370, 79, 365, 84, 209, 240, 182, 267, 71, 378, 246, 203, 318, 131 ]   MATCH

--------------------------------------------------------------------------------
CASE ramp   a_i = i
  A ramp. It has no symmetry that can hide a mistake.

  input, coefficient form   [ 0, 1, 2, 3, 4, 5, 6, 7, 8, 9, 10, 11, 12, 13, 14, 15, 16, 17, 18, 19, 20, 21, 22, 23, 24, 25, 26, 27, 28, 29, 30, 31 ]
  forward NTT output        [ 171, 290, 152, 199, 66, 40, 162, 433, 399, 340, 62, 312, 130, 339, 253, 334, 153, 163, 218, 385, 117, 13, 135, 440, 227, 96, 238, 434, 361, 53, 68, 401 ]
    independent O(N^2)      [ 171, 290, 152, 199, 66, 40, 162, 433, 399, 340, 62, 312, 130, 339, 253, 334, 153, 163, 218, 385, 117, 13, 135, 440, 227, 96, 238, 434, 361, 53, 68, 401 ]   MATCH
  inverse NTT output        [ 0, 1, 2, 3, 4, 5, 6, 7, 8, 9, 10, 11, 12, 13, 14, 15, 16, 17, 18, 19, 20, 21, 22, 23, 24, 25, 26, 27, 28, 29, 30, 31 ]
    independent O(N^2)      [ 0, 1, 2, 3, 4, 5, 6, 7, 8, 9, 10, 11, 12, 13, 14, 15, 16, 17, 18, 19, 20, 21, 22, 23, 24, 25, 26, 27, 28, 29, 30, 31 ]   MATCH
  round trip equals the input                       OK
  NativePoly::SwitchFormat  [ 171, 290, 152, 199, 66, 40, 162, 433, 399, 340, 62, 312, 130, 339, 253, 334, 153, 163, 218, 385, 117, 13, 135, 440, 227, 96, 238, 434, 361, 53, 68, 401 ]   MATCH

--------------------------------------------------------------------------------
CASE ones   a_i = 1
  Every coefficient is 1. The output looks random, but it is only this
  polynomial at N different points.

  input, coefficient form   [ 1, 1, 1, 1, 1, 1, 1, 1, 1, 1, 1, 1, 1, 1, 1, 1, 1, 1, 1, 1, 1, 1, 1, 1, 1, 1, 1, 1, 1, 1, 1, 1 ]
  forward NTT output        [ 78, 36, 411, 24, 214, 79, 424, 260, 126, 274, 213, 414, 428, 103, 88, 161, 290, 363, 348, 23, 37, 238, 177, 325, 191, 27, 372, 237, 427, 40, 415, 373 ]
    independent O(N^2)      [ 78, 36, 411, 24, 214, 79, 424, 260, 126, 274, 213, 414, 428, 103, 88, 161, 290, 363, 348, 23, 37, 238, 177, 325, 191, 27, 372, 237, 427, 40, 415, 373 ]   MATCH
  inverse NTT output        [ 1, 1, 1, 1, 1, 1, 1, 1, 1, 1, 1, 1, 1, 1, 1, 1, 1, 1, 1, 1, 1, 1, 1, 1, 1, 1, 1, 1, 1, 1, 1, 1 ]
    independent O(N^2)      [ 1, 1, 1, 1, 1, 1, 1, 1, 1, 1, 1, 1, 1, 1, 1, 1, 1, 1, 1, 1, 1, 1, 1, 1, 1, 1, 1, 1, 1, 1, 1, 1 ]   MATCH
  round trip equals the input                       OK
  NativePoly::SwitchFormat  [ 78, 36, 411, 24, 214, 79, 424, 260, 126, 274, 213, 414, 428, 103, 88, 161, 290, 363, 348, 23, 37, 238, 177, 325, 191, 27, 372, 237, 427, 40, 415, 373 ]   MATCH

--------------------------------------------------------------------------------
CASE sparse   a(X) = 3 + 5X^(N-1)
  Two non-zero coefficients. One is at the top degree, where X^N = -1 becomes
  important.

  input, coefficient form   [ 3, 0, 0, 0, 0, 0, 0, 0, 0, 0, 0, 0, 0, 0, 0, 0, 0, 0, 0, 0, 0, 0, 0, 0, 0, 0, 0, 0, 0, 0, 0, 5 ]
  forward NTT output        [ 246, 209, 335, 120, 358, 97, 15, 440, 150, 305, 32, 423, 57, 398, 426, 29, 263, 192, 94, 361, 126, 329, 293, 162, 188, 267, 180, 275, 410, 45, 123, 332 ]
    independent O(N^2)      [ 246, 209, 335, 120, 358, 97, 15, 440, 150, 305, 32, 423, 57, 398, 426, 29, 263, 192, 94, 361, 126, 329, 293, 162, 188, 267, 180, 275, 410, 45, 123, 332 ]   MATCH
  inverse NTT output        [ 3, 0, 0, 0, 0, 0, 0, 0, 0, 0, 0, 0, 0, 0, 0, 0, 0, 0, 0, 0, 0, 0, 0, 0, 0, 0, 0, 0, 0, 0, 0, 5 ]
    independent O(N^2)      [ 3, 0, 0, 0, 0, 0, 0, 0, 0, 0, 0, 0, 0, 0, 0, 0, 0, 0, 0, 0, 0, 0, 0, 0, 0, 0, 0, 0, 0, 0, 0, 5 ]   MATCH
  round trip equals the input                       OK
  NativePoly::SwitchFormat  [ 246, 209, 335, 120, 358, 97, 15, 440, 150, 305, 32, 423, 57, 398, 426, 29, 263, 192, 94, 361, 126, 329, 293, 162, 188, 267, 180, 275, 410, 45, 123, 332 ]   MATCH

--------------------------------------------------------------------------------
CASE random   pseudo-random coefficients
  What a real ciphertext polynomial looks like: uniform residues mod q. A
  fixed-seed xorshift64* generates them, so the trace repeats exactly.

  input, coefficient form   [ 243, 295, 45, 426, 325, 41, 239, 95, 27, 107, 149, 210, 52, 108, 177, 328, 379, 317, 289, 309, 184, 76, 289, 448, 381, 298, 144, 19, 95, 147, 208, 284 ]
  forward NTT output        [ 238, 108, 437, 10, 40, 339, 401, 17, 120, 2, 46, 269, 187, 382, 78, 259, 258, 318, 193, 181, 224, 14, 346, 14, 270, 438, 128, 304, 386, 436, 397, 38 ]
    independent O(N^2)      [ 238, 108, 437, 10, 40, 339, 401, 17, 120, 2, 46, 269, 187, 382, 78, 259, 258, 318, 193, 181, 224, 14, 346, 14, 270, 438, 128, 304, 386, 436, 397, 38 ]   MATCH
  inverse NTT output        [ 243, 295, 45, 426, 325, 41, 239, 95, 27, 107, 149, 210, 52, 108, 177, 328, 379, 317, 289, 309, 184, 76, 289, 448, 381, 298, 144, 19, 95, 147, 208, 284 ]
    independent O(N^2)      [ 243, 295, 45, 426, 325, 41, 239, 95, 27, 107, 149, 210, 52, 108, 177, 328, 379, 317, 289, 309, 184, 76, 289, 448, 381, 298, 144, 19, 95, 147, 208, 284 ]   MATCH
  round trip equals the input                       OK
  NativePoly::SwitchFormat  [ 238, 108, 437, 10, 40, 339, 401, 17, 120, 2, 46, 269, 187, 382, 78, 259, 258, 318, 193, 181, 224, 14, 346, 14, 270, 438, 128, 304, 386, 436, 397, 38 ]   MATCH

--------------------------------------------------------------------------------
CASE nearmax   a_i = q-1
  Every coefficient is at the largest residue. The conditional subtractions
  inside the butterfly then run.

  input, coefficient form   [ 448, 448, 448, 448, 448, 448, 448, 448, 448, 448, 448, 448, 448, 448, 448, 448, 448, 448, 448, 448, 448, 448, 448, 448, 448, 448, 448, 448, 448, 448, 448, 448 ]
  forward NTT output        [ 371, 413, 38, 425, 235, 370, 25, 189, 323, 175, 236, 35, 21, 346, 361, 288, 159, 86, 101, 426, 412, 211, 272, 124, 258, 422, 77, 212, 22, 409, 34, 76 ]
    independent O(N^2)      [ 371, 413, 38, 425, 235, 370, 25, 189, 323, 175, 236, 35, 21, 346, 361, 288, 159, 86, 101, 426, 412, 211, 272, 124, 258, 422, 77, 212, 22, 409, 34, 76 ]   MATCH
  inverse NTT output        [ 448, 448, 448, 448, 448, 448, 448, 448, 448, 448, 448, 448, 448, 448, 448, 448, 448, 448, 448, 448, 448, 448, 448, 448, 448, 448, 448, 448, 448, 448, 448, 448 ]
    independent O(N^2)      [ 448, 448, 448, 448, 448, 448, 448, 448, 448, 448, 448, 448, 448, 448, 448, 448, 448, 448, 448, 448, 448, 448, 448, 448, 448, 448, 448, 448, 448, 448, 448, 448 ]   MATCH
  round trip equals the input                       OK
  NativePoly::SwitchFormat  [ 371, 413, 38, 425, 235, 370, 25, 189, 323, 175, 236, 35, 21, 346, 361, 288, 159, 86, 101, 426, 412, 211, 272, 124, 258, 422, 77, 212, 22, 409, 34, 76 ]   MATCH

--------------------------------------------------------------------------------
NEGACYCLIC PRODUCT square   X * X = X^2
  The simplest product. Nothing passes the top degree.

  a                         [ 0, 1, 0, 0, 0, 0, 0, 0, 0, 0, 0, 0, 0, 0, 0, 0, 0, 0, 0, 0, 0, 0, 0, 0, 0, 0, 0, 0, 0, 0, 0, 0 ]
  b                         [ 0, 1, 0, 0, 0, 0, 0, 0, 0, 0, 0, 0, 0, 0, 0, 0, 0, 0, 0, 0, 0, 0, 0, 0, 0, 0, 0, 0, 0, 0, 0, 0 ]
  NTT(a)                    [ 24, 425, 261, 188, 215, 234, 37, 412, 58, 391, 294, 155, 108, 341, 52, 397, 354, 95, 370, 79, 365, 84, 209, 240, 182, 267, 71, 378, 246, 203, 318, 131 ]
  NTT(b)                    [ 24, 425, 261, 188, 215, 234, 37, 412, 58, 391, 294, 155, 108, 341, 52, 397, 354, 95, 370, 79, 365, 84, 209, 240, 182, 267, 71, 378, 246, 203, 318, 131 ]
  one product per slot      [ 127, 127, 322, 322, 427, 427, 22, 22, 221, 221, 228, 228, 439, 439, 10, 10, 45, 45, 404, 404, 321, 321, 128, 128, 347, 347, 102, 102, 350, 350, 99, 99 ]
  INTT of that              [ 0, 0, 1, 0, 0, 0, 0, 0, 0, 0, 0, 0, 0, 0, 0, 0, 0, 0, 0, 0, 0, 0, 0, 0, 0, 0, 0, 0, 0, 0, 0, 0 ]
  schoolbook product        [ 0, 0, 1, 0, 0, 0, 0, 0, 0, 0, 0, 0, 0, 0, 0, 0, 0, 0, 0, 0, 0, 0, 0, 0, 0, 0, 0, 0, 0, 0, 0, 0 ]   MATCH
  multiplications           direct 1024
                            through the transform 288 = 240 in butterflies + 32 pointwise + 16 by N^-1

--------------------------------------------------------------------------------
NEGACYCLIC PRODUCT wrap   X^(N-1) * X = X^N = -1
  The purpose of this ring. The product passes degree N, returns to degree 0,
  and changes sign.

  a                         [ 0, 0, 0, 0, 0, 0, 0, 0, 0, 0, 0, 0, 0, 0, 0, 0, 0, 0, 0, 0, 0, 0, 0, 0, 0, 0, 0, 0, 0, 0, 0, 1 ]
  b                         [ 0, 1, 0, 0, 0, 0, 0, 0, 0, 0, 0, 0, 0, 0, 0, 0, 0, 0, 0, 0, 0, 0, 0, 0, 0, 0, 0, 0, 0, 0, 0, 0 ]
  NTT(a)                    [ 318, 131, 246, 203, 71, 378, 182, 267, 209, 240, 365, 84, 370, 79, 354, 95, 52, 397, 108, 341, 294, 155, 58, 391, 37, 412, 215, 234, 261, 188, 24, 425 ]
  NTT(b)                    [ 24, 425, 261, 188, 215, 234, 37, 412, 58, 391, 294, 155, 108, 341, 52, 397, 354, 95, 370, 79, 365, 84, 209, 240, 182, 267, 71, 378, 246, 203, 318, 131 ]
  one product per slot      [ 448, 448, 448, 448, 448, 448, 448, 448, 448, 448, 448, 448, 448, 448, 448, 448, 448, 448, 448, 448, 448, 448, 448, 448, 448, 448, 448, 448, 448, 448, 448, 448 ]
  INTT of that              [ 448, 0, 0, 0, 0, 0, 0, 0, 0, 0, 0, 0, 0, 0, 0, 0, 0, 0, 0, 0, 0, 0, 0, 0, 0, 0, 0, 0, 0, 0, 0, 0 ]
  schoolbook product        [ 448, 0, 0, 0, 0, 0, 0, 0, 0, 0, 0, 0, 0, 0, 0, 0, 0, 0, 0, 0, 0, 0, 0, 0, 0, 0, 0, 0, 0, 0, 0, 0 ]   MATCH
  multiplications           direct 1024
                            through the transform 288 = 240 in butterflies + 32 pointwise + 16 by N^-1

--------------------------------------------------------------------------------
NEGACYCLIC PRODUCT random   two random polynomials
  The realistic case.

  a                         [ 39, 355, 28, 158, 152, 137, 130, 422, 214, 285, 78, 435, 352, 109, 72, 235, 350, 332, 163, 326, 2, 2, 256, 445, 42, 414, 351, 378, 196, 68, 151, 160 ]
  b                         [ 110, 122, 248, 2, 297, 145, 45, 150, 69, 382, 25, 436, 327, 314, 308, 297, 421, 135, 214, 21, 237, 241, 222, 146, 206, 28, 435, 391, 422, 69, 264, 140 ]
  NTT(a)                    [ 108, 174, 256, 194, 318, 155, 432, 379, 135, 210, 155, 342, 229, 92, 124, 300, 425, 152, 185, 254, 235, 77, 97, 278, 406, 78, 220, 252, 276, 388, 45, 114 ]
  NTT(b)                    [ 448, 130, 440, 7, 167, 341, 214, 441, 90, 78, 402, 334, 62, 422, 101, 395, 113, 145, 253, 204, 172, 437, 43, 202, 230, 69, 257, 107, 393, 31, 355, 29 ]
  one product per slot      [ 341, 170, 390, 11, 124, 322, 403, 111, 27, 216, 348, 182, 279, 210, 401, 413, 431, 39, 109, 181, 10, 423, 130, 31, 437, 443, 415, 24, 259, 354, 260, 163 ]
  INTT of that              [ 113, 164, 92, 240, 429, 323, 131, 73, 3, 146, 67, 431, 193, 441, 409, 302, 131, 178, 282, 148, 220, 223, 115, 235, 217, 78, 6, 121, 309, 61, 367, 164 ]
  schoolbook product        [ 113, 164, 92, 240, 429, 323, 131, 73, 3, 146, 67, 431, 193, 441, 409, 302, 131, 178, 282, 148, 220, 223, 115, 235, 217, 78, 6, 121, 309, 61, 367, 164 ]   MATCH
  multiplications           direct 1024
                            through the transform 288 = 240 in butterflies + 32 pointwise + 16 by N^-1

--------------------------------------------------------------------------------
RESULT  n32-b9-q449: 173 checks, 0 failures  ALL PASSED

