OpenFHE version        : 1.5.1
MATHBACKEND            : 4
NATIVEINT              : 64
MAX_MODULUS_SIZE       : 60
Compiler               : 13.3.0
Values come from       : ChineseRemainderTransformFTT<NativeVector>
                         ::ForwardTransformToBitReverseInPlace
                         ::InverseTransformFromBitReverseInPlace
                         (the functions NativePoly::SwitchFormat calls)

================================================================================
EXPERIMENT  n32-b10-q769
================================================================================

PARAMETERS
  ring                     Z_769[X] / (X^32 + 1)
  N   ring dimension                 32
  M   cyclotomic order               64   = 2N
  modulus bit size                   10
  q   modulus                       769   LastPrime<NativeInteger>(10, 64)
  psi 2N-th root of unity            12   RootOfUnity<NativeInteger>(64, 769)
  psi^-1                            705
  omega = psi^2                     144   an N-th root of unity
  N^-1 mod q                        745
  bit-reversal width                  5   = log2(N)
  Barrett mu                      10908   from q.ComputeMu()

  checks on the parameters
    (q-1) mod M = 0                                 OK
    psi^N mod q = 768, and q-1 = 768                OK
    psi^M mod q = 1                                 OK
    psi * psi^-1 mod q = 1                          OK
    N * N^-1 mod q = 1                              OK
    Barrett mu recomputed independently             OK

FORWARD TWIDDLE TABLE
  m_rootOfUnityReverseTableByModulus[q]

    slot   bin(slot)   brev(slot)   power          value   Shoup precon floor(w*2^64/q)
       0       00000        00000   psi^0             1        23987963684927895
       1       00001        10000   psi^16           62      1487253748465529519
       2       00010        01000   psi^8           729     17487225526312435797
       3       00011        11000   psi^24          596     14296826356217025699
       4       00100        00100   psi^4           742     17799069054216498438
       5       00101        10100   psi^20          633     15184381012559357832
       6       00110        01100   psi^12          311      7460256706012575490
       7       00111        11100   psi^28           57      1367313930040890041
       8       01000        00010   psi^2           144      3454266770629616947
       9       01001        10010   psi^18          469     11250354968231182975
      10       01010        01010   psi^10          392      9403281764491735024
      11       01011        11010   psi^26          465     11154403113491471393
      12       01100        00110   psi^6           726     17415261635257652110
      13       01101        10110   psi^22          410      9835065110820437142
      14       01110        01110   psi^14          182      4365809390656876975
      15       01111        11110   psi^30          518     12425765188792649853
      16       10000        00001   psi^1            12       287855564219134745
      17       10001        10001   psi^17          744     17847044981586354229
      18       10010        01001   psi^9           289      6932521504944161790
      19       10011        11001   psi^25          231      5541219611218343853
      20       10100        00101   psi^5           445     10674643839792913483
      21       10101        10101   psi^21          675     16191875487326329441
      22       10110        01101   psi^13          656     15736104177312699427
      23       10111        11101   psi^29          684     16407767160490680501
      24       11000        00011   psi^3           190      4557713100136300139
      25       11001        10011   psi^19          245      5877051102807334390
      26       11010        01011   psi^11           90      2158916731643510592
      27       11011        11011   psi^27          197      4725628845930795407
      28       11100        00111   psi^7           253      6068954812286757553
      29       11101        10111   psi^23          306      7340316887587936013
      30       11110        01111   psi^15          646     15496224540463420473
      31       11111        11111   psi^31           64      1535229675835385310

INVERSE TWIDDLE TABLE
  m_rootOfUnityInverseReverseTableByModulus[q]

    slot   bin(slot)   brev(slot)   power          value   Shoup precon floor(w*2^64/q)
       0       00000        00000   psi^-0            1        23987963684927895
       1       00001        10000   psi^-16         707     16959490325244022096
       2       00010        01000   psi^-8          173      4149917717492525916
       3       00011        11000   psi^-24          40       959518547397115818
       4       00100        00100   psi^-4          712     17079430143668661574
       5       00101        10100   psi^-20         458     10986487367696976125
       6       00110        01100   psi^-12         136      3262363061150193783
       7       00111        11100   psi^-28          27       647675019493053177
       8       01000        00010   psi^-2          251      6020978884916901762
       9       01001        10010   psi^-18         587     14080934683052674640
      10       01010        01010   psi^-10         359      8611678962889114473
      11       01011        11010   psi^-26          43      1031482438451899505
      12       01100        00110   psi^-6          304      7292340960218080222
      13       01101        10110   psi^-22         377      9043462309217816591
      14       01110        01110   psi^-14         300      7196389105478368640
      15       01111        11110   psi^-30         625     14992477303079934668
      16       10000        00001   psi^-1          705     16911514397874166305
      17       10001        10001   psi^-17         123      2950519533246131142
      18       10010        01001   psi^-9          463     11106427186121615602
      19       10011        11001   psi^-25         516     12377789261422794062
      20       10100        00101   psi^-5          572     13721115227778756208
      21       10101        10101   psi^-21         679     16287827342066041023
      22       10110        01101   psi^-13         524     12569692970902217225
      23       10111        11101   psi^-29         579     13889030973573251476
      24       11000        00011   psi^-3           85      2038976913218871114
      25       11001        10011   psi^-19         113      2710639896396852188
      26       11010        01011   psi^-11          94      2254868586383222174
      27       11011        11011   psi^-27         324      7772100233916638132
      28       11100        00111   psi^-7          538     12905524462491207762
      29       11101        10111   psi^-23         480     11514222568765389825
      30       11110        01111   psi^-15          25       599699092123197386
      31       11111        11111   psi^-31         757     18158888509490416870

  Slot 0 holds psi^0 = 1. The forward transform never reads it: its loops
  index the table from 1 upward.

CYCLOTOMIC-ORDER INVERSE TABLE
  m_cycloOrderInverseTableByModulus[q]

    index   (2^index)^-1 mod q   Shoup precon
        0                   1        23987963684927895
        1                 385      9235366018697239755
        2                 577     13841055046203395685
        3                 673     16143899559956473650
        4                 721     17295321816833012633
        5                 745     17871032945271282124

    the inverse transform reads index 5, which is N^-1 = 745  OK

FUSED FINAL TWIDDLE OF THE INVERSE TRANSFORM
  omega1Inv = TableI[1] * N^-1 = 707 * 745 mod 769 = 719
  which is psi^-(N/2) * N^-1 = 707 * 745 = 719   OK
  OpenFHE puts the division by N into this twiddle for the upper half of the
  array, then multiplies only the lower half by N^-1. See OpenFHE issue 872.

TWIDDLE FACTORS USED BY EACH STAGE, FORWARD
  stage 1   m =   1   stride t =  16   slots 1..1   twiddles 62
  stage 2   m =   2   stride t =   8   slots 2..3   twiddles 729, 596
  stage 3   m =   4   stride t =   4   slots 4..7   twiddles 742, 633, 311, 57
  stage 4   m =   8   stride t =   2   slots 8..15   twiddles 144, 469, 392, 465, 726, 410, 182, 518
  stage 5   m =  16   stride t =   1   slots 16..31   twiddles 12, 744, 289, 231, 445, 675, 656, 684, 190, 245, 90, 197, 253, 306, 646, 64

TWIDDLE FACTORS USED BY EACH STAGE, INVERSE
  stage 1   m =  16   stride t =   1   slots 16..31   twiddles 705, 123, 463, 516, 572, 679, 524, 579, 85, 113, 94, 324, 538, 480, 25, 757
  stage 2   m =   8   stride t =   2   slots 8..15   twiddles 251, 587, 359, 43, 304, 377, 300, 625
  stage 3   m =   4   stride t =   4   slots 4..7   twiddles 712, 458, 136, 27
  stage 4   m =   2   stride t =   8   slots 2..3   twiddles 173, 40
  stage 5   m =   1   stride t =  16   slots 1..1   twiddles 707   (used as omega1Inv = 719)

EVALUATION POINTS
  The forward transform leaves slot p holding a(psi^(2*brev(p)+1)).

    slot p   brev(p)   exponent   point = psi^exponent mod q
         0         0          1                           12
         1        16         33                          757
         2         8         17                          744
         3        24         49                           25
         4         4          9                          289
         5        20         41                          480
         6        12         25                          231
         7        28         57                          538
         8         2          5                          445
         9        18         37                          324
        10        10         21                          675
        11        26         53                           94
        12         6         13                          656
        13        22         45                          113
        14        14         29                          684
        15        30         61                           85
        16         1          3                          190
        17        17         35                          579
        18         9         19                          245
        19        25         51                          524
        20         5         11                           90
        21        21         43                          679
        22        13         27                          197
        23        29         59                          572
        24         3          7                          253
        25        19         39                          516
        26        11         23                          306
        27        27         55                          463
        28         7         15                          646
        29        23         47                          123
        30        15         31                           64
        31        31         63                          705

--------------------------------------------------------------------------------
CASE delta0   a(X) = 1
  The constant polynomial 1. Its value is 1 at every point, so the transform
  is all ones. This is the simplest test.

  input, coefficient form   [ 1, 0, 0, 0, 0, 0, 0, 0, 0, 0, 0, 0, 0, 0, 0, 0, 0, 0, 0, 0, 0, 0, 0, 0, 0, 0, 0, 0, 0, 0, 0, 0 ]
  forward NTT output        [ 1, 1, 1, 1, 1, 1, 1, 1, 1, 1, 1, 1, 1, 1, 1, 1, 1, 1, 1, 1, 1, 1, 1, 1, 1, 1, 1, 1, 1, 1, 1, 1 ]
    independent O(N^2)      [ 1, 1, 1, 1, 1, 1, 1, 1, 1, 1, 1, 1, 1, 1, 1, 1, 1, 1, 1, 1, 1, 1, 1, 1, 1, 1, 1, 1, 1, 1, 1, 1 ]   MATCH
  inverse NTT output        [ 1, 0, 0, 0, 0, 0, 0, 0, 0, 0, 0, 0, 0, 0, 0, 0, 0, 0, 0, 0, 0, 0, 0, 0, 0, 0, 0, 0, 0, 0, 0, 0 ]
    independent O(N^2)      [ 1, 0, 0, 0, 0, 0, 0, 0, 0, 0, 0, 0, 0, 0, 0, 0, 0, 0, 0, 0, 0, 0, 0, 0, 0, 0, 0, 0, 0, 0, 0, 0 ]   MATCH
  round trip equals the input                       OK
  NativePoly::SwitchFormat  [ 1, 1, 1, 1, 1, 1, 1, 1, 1, 1, 1, 1, 1, 1, 1, 1, 1, 1, 1, 1, 1, 1, 1, 1, 1, 1, 1, 1, 1, 1, 1, 1 ]   MATCH

--------------------------------------------------------------------------------
CASE delta1   a(X) = X
  The value of X at a point is the point. This transform is therefore the list
  of evaluation points: out[p] = psi^(2*brev(p)+1).

  input, coefficient form   [ 0, 1, 0, 0, 0, 0, 0, 0, 0, 0, 0, 0, 0, 0, 0, 0, 0, 0, 0, 0, 0, 0, 0, 0, 0, 0, 0, 0, 0, 0, 0, 0 ]
  forward NTT output        [ 12, 757, 744, 25, 289, 480, 231, 538, 445, 324, 675, 94, 656, 113, 684, 85, 190, 579, 245, 524, 90, 679, 197, 572, 253, 516, 306, 463, 646, 123, 64, 705 ]
    independent O(N^2)      [ 12, 757, 744, 25, 289, 480, 231, 538, 445, 324, 675, 94, 656, 113, 684, 85, 190, 579, 245, 524, 90, 679, 197, 572, 253, 516, 306, 463, 646, 123, 64, 705 ]   MATCH
  inverse NTT output        [ 0, 1, 0, 0, 0, 0, 0, 0, 0, 0, 0, 0, 0, 0, 0, 0, 0, 0, 0, 0, 0, 0, 0, 0, 0, 0, 0, 0, 0, 0, 0, 0 ]
    independent O(N^2)      [ 0, 1, 0, 0, 0, 0, 0, 0, 0, 0, 0, 0, 0, 0, 0, 0, 0, 0, 0, 0, 0, 0, 0, 0, 0, 0, 0, 0, 0, 0, 0, 0 ]   MATCH
  round trip equals the input                       OK
  NativePoly::SwitchFormat  [ 12, 757, 744, 25, 289, 480, 231, 538, 445, 324, 675, 94, 656, 113, 684, 85, 190, 579, 245, 524, 90, 679, 197, 572, 253, 516, 306, 463, 646, 123, 64, 705 ]   MATCH

--------------------------------------------------------------------------------
CASE ramp   a_i = i
  A ramp. It has no symmetry that can hide a mistake.

  input, coefficient form   [ 0, 1, 2, 3, 4, 5, 6, 7, 8, 9, 10, 11, 12, 13, 14, 15, 16, 17, 18, 19, 20, 21, 22, 23, 24, 25, 26, 27, 28, 29, 30, 31 ]
  forward NTT output        [ 10, 471, 281, 701, 436, 497, 659, 634, 737, 424, 611, 641, 385, 441, 122, 363, 469, 654, 144, 322, 591, 529, 580, 14, 321, 270, 253, 41, 223, 488, 84, 677 ]
    independent O(N^2)      [ 10, 471, 281, 701, 436, 497, 659, 634, 737, 424, 611, 641, 385, 441, 122, 363, 469, 654, 144, 322, 591, 529, 580, 14, 321, 270, 253, 41, 223, 488, 84, 677 ]   MATCH
  inverse NTT output        [ 0, 1, 2, 3, 4, 5, 6, 7, 8, 9, 10, 11, 12, 13, 14, 15, 16, 17, 18, 19, 20, 21, 22, 23, 24, 25, 26, 27, 28, 29, 30, 31 ]
    independent O(N^2)      [ 0, 1, 2, 3, 4, 5, 6, 7, 8, 9, 10, 11, 12, 13, 14, 15, 16, 17, 18, 19, 20, 21, 22, 23, 24, 25, 26, 27, 28, 29, 30, 31 ]   MATCH
  round trip equals the input                       OK
  NativePoly::SwitchFormat  [ 10, 471, 281, 701, 436, 497, 659, 634, 737, 424, 611, 641, 385, 441, 122, 363, 469, 654, 144, 322, 591, 529, 580, 14, 321, 270, 253, 41, 223, 488, 84, 677 ]   MATCH

--------------------------------------------------------------------------------
CASE ones   a_i = 1
  Every coefficient is 1. The output looks random, but it is only this
  polynomial at N different points.

  input, coefficient form   [ 1, 1, 1, 1, 1, 1, 1, 1, 1, 1, 1, 1, 1, 1, 1, 1, 1, 1, 1, 1, 1, 1, 1, 1, 1, 1, 1, 1, 1, 1, 1, 1 ]
  forward NTT output        [ 629, 710, 355, 64, 518, 297, 662, 179, 336, 669, 340, 339, 27, 563, 465, 238, 533, 306, 208, 744, 432, 431, 102, 435, 592, 109, 474, 253, 707, 416, 61, 142 ]
    independent O(N^2)      [ 629, 710, 355, 64, 518, 297, 662, 179, 336, 669, 340, 339, 27, 563, 465, 238, 533, 306, 208, 744, 432, 431, 102, 435, 592, 109, 474, 253, 707, 416, 61, 142 ]   MATCH
  inverse NTT output        [ 1, 1, 1, 1, 1, 1, 1, 1, 1, 1, 1, 1, 1, 1, 1, 1, 1, 1, 1, 1, 1, 1, 1, 1, 1, 1, 1, 1, 1, 1, 1, 1 ]
    independent O(N^2)      [ 1, 1, 1, 1, 1, 1, 1, 1, 1, 1, 1, 1, 1, 1, 1, 1, 1, 1, 1, 1, 1, 1, 1, 1, 1, 1, 1, 1, 1, 1, 1, 1 ]   MATCH
  round trip equals the input                       OK
  NativePoly::SwitchFormat  [ 629, 710, 355, 64, 518, 297, 662, 179, 336, 669, 340, 339, 27, 563, 465, 238, 533, 306, 208, 744, 432, 431, 102, 435, 592, 109, 474, 253, 707, 416, 61, 142 ]   MATCH

--------------------------------------------------------------------------------
CASE sparse   a(X) = 3 + 5X^(N-1)
  Two non-zero coefficients. One is at the top degree, where X^N = -1 becomes
  important.

  input, coefficient form   [ 3, 0, 0, 0, 0, 0, 0, 0, 0, 0, 0, 0, 0, 0, 0, 0, 0, 0, 0, 0, 0, 0, 0, 0, 0, 0, 0, 0, 0, 0, 0, 5 ]
  forward NTT output        [ 323, 452, 157, 618, 764, 11, 499, 276, 219, 556, 453, 322, 459, 316, 184, 591, 347, 428, 207, 568, 302, 473, 690, 85, 389, 386, 679, 96, 647, 128, 63, 712 ]
    independent O(N^2)      [ 323, 452, 157, 618, 764, 11, 499, 276, 219, 556, 453, 322, 459, 316, 184, 591, 347, 428, 207, 568, 302, 473, 690, 85, 389, 386, 679, 96, 647, 128, 63, 712 ]   MATCH
  inverse NTT output        [ 3, 0, 0, 0, 0, 0, 0, 0, 0, 0, 0, 0, 0, 0, 0, 0, 0, 0, 0, 0, 0, 0, 0, 0, 0, 0, 0, 0, 0, 0, 0, 5 ]
    independent O(N^2)      [ 3, 0, 0, 0, 0, 0, 0, 0, 0, 0, 0, 0, 0, 0, 0, 0, 0, 0, 0, 0, 0, 0, 0, 0, 0, 0, 0, 0, 0, 0, 0, 5 ]   MATCH
  round trip equals the input                       OK
  NativePoly::SwitchFormat  [ 323, 452, 157, 618, 764, 11, 499, 276, 219, 556, 453, 322, 459, 316, 184, 591, 347, 428, 207, 568, 302, 473, 690, 85, 389, 386, 679, 96, 647, 128, 63, 712 ]   MATCH

--------------------------------------------------------------------------------
CASE random   pseudo-random coefficients
  What a real ciphertext polynomial looks like: uniform residues mod q. A
  fixed-seed xorshift64* generates them, so the trace repeats exactly.

  input, coefficient form   [ 659, 726, 28, 630, 101, 33, 415, 531, 662, 41, 658, 34, 387, 469, 391, 261, 506, 689, 172, 756, 90, 433, 221, 193, 558, 253, 463, 533, 707, 257, 262, 507 ]
  forward NTT output        [ 365, 115, 232, 485, 397, 338, 451, 303, 502, 109, 714, 697, 564, 41, 401, 11, 383, 346, 714, 360, 49, 338, 557, 224, 20, 616, 533, 10, 271, 524, 468, 722 ]
    independent O(N^2)      [ 365, 115, 232, 485, 397, 338, 451, 303, 502, 109, 714, 697, 564, 41, 401, 11, 383, 346, 714, 360, 49, 338, 557, 224, 20, 616, 533, 10, 271, 524, 468, 722 ]   MATCH
  inverse NTT output        [ 659, 726, 28, 630, 101, 33, 415, 531, 662, 41, 658, 34, 387, 469, 391, 261, 506, 689, 172, 756, 90, 433, 221, 193, 558, 253, 463, 533, 707, 257, 262, 507 ]
    independent O(N^2)      [ 659, 726, 28, 630, 101, 33, 415, 531, 662, 41, 658, 34, 387, 469, 391, 261, 506, 689, 172, 756, 90, 433, 221, 193, 558, 253, 463, 533, 707, 257, 262, 507 ]   MATCH
  round trip equals the input                       OK
  NativePoly::SwitchFormat  [ 365, 115, 232, 485, 397, 338, 451, 303, 502, 109, 714, 697, 564, 41, 401, 11, 383, 346, 714, 360, 49, 338, 557, 224, 20, 616, 533, 10, 271, 524, 468, 722 ]   MATCH

--------------------------------------------------------------------------------
CASE nearmax   a_i = q-1
  Every coefficient is at the largest residue. The conditional subtractions
  inside the butterfly then run.

  input, coefficient form   [ 768, 768, 768, 768, 768, 768, 768, 768, 768, 768, 768, 768, 768, 768, 768, 768, 768, 768, 768, 768, 768, 768, 768, 768, 768, 768, 768, 768, 768, 768, 768, 768 ]
  forward NTT output        [ 140, 59, 414, 705, 251, 472, 107, 590, 433, 100, 429, 430, 742, 206, 304, 531, 236, 463, 561, 25, 337, 338, 667, 334, 177, 660, 295, 516, 62, 353, 708, 627 ]
    independent O(N^2)      [ 140, 59, 414, 705, 251, 472, 107, 590, 433, 100, 429, 430, 742, 206, 304, 531, 236, 463, 561, 25, 337, 338, 667, 334, 177, 660, 295, 516, 62, 353, 708, 627 ]   MATCH
  inverse NTT output        [ 768, 768, 768, 768, 768, 768, 768, 768, 768, 768, 768, 768, 768, 768, 768, 768, 768, 768, 768, 768, 768, 768, 768, 768, 768, 768, 768, 768, 768, 768, 768, 768 ]
    independent O(N^2)      [ 768, 768, 768, 768, 768, 768, 768, 768, 768, 768, 768, 768, 768, 768, 768, 768, 768, 768, 768, 768, 768, 768, 768, 768, 768, 768, 768, 768, 768, 768, 768, 768 ]   MATCH
  round trip equals the input                       OK
  NativePoly::SwitchFormat  [ 140, 59, 414, 705, 251, 472, 107, 590, 433, 100, 429, 430, 742, 206, 304, 531, 236, 463, 561, 25, 337, 338, 667, 334, 177, 660, 295, 516, 62, 353, 708, 627 ]   MATCH

--------------------------------------------------------------------------------
NEGACYCLIC PRODUCT square   X * X = X^2
  The simplest product. Nothing passes the top degree.

  a                         [ 0, 1, 0, 0, 0, 0, 0, 0, 0, 0, 0, 0, 0, 0, 0, 0, 0, 0, 0, 0, 0, 0, 0, 0, 0, 0, 0, 0, 0, 0, 0, 0 ]
  b                         [ 0, 1, 0, 0, 0, 0, 0, 0, 0, 0, 0, 0, 0, 0, 0, 0, 0, 0, 0, 0, 0, 0, 0, 0, 0, 0, 0, 0, 0, 0, 0, 0 ]
  NTT(a)                    [ 12, 757, 744, 25, 289, 480, 231, 538, 445, 324, 675, 94, 656, 113, 684, 85, 190, 579, 245, 524, 90, 679, 197, 572, 253, 516, 306, 463, 646, 123, 64, 705 ]
  NTT(b)                    [ 12, 757, 744, 25, 289, 480, 231, 538, 445, 324, 675, 94, 656, 113, 684, 85, 190, 579, 245, 524, 90, 679, 197, 572, 253, 516, 306, 463, 646, 123, 64, 705 ]
  one product per slot      [ 144, 144, 625, 625, 469, 469, 300, 300, 392, 392, 377, 377, 465, 465, 304, 304, 726, 726, 43, 43, 410, 410, 359, 359, 182, 182, 587, 587, 518, 518, 251, 251 ]
  INTT of that              [ 0, 0, 1, 0, 0, 0, 0, 0, 0, 0, 0, 0, 0, 0, 0, 0, 0, 0, 0, 0, 0, 0, 0, 0, 0, 0, 0, 0, 0, 0, 0, 0 ]
  schoolbook product        [ 0, 0, 1, 0, 0, 0, 0, 0, 0, 0, 0, 0, 0, 0, 0, 0, 0, 0, 0, 0, 0, 0, 0, 0, 0, 0, 0, 0, 0, 0, 0, 0 ]   MATCH
  multiplications           direct 1024
                            through the transform 288 = 240 in butterflies + 32 pointwise + 16 by N^-1

--------------------------------------------------------------------------------
NEGACYCLIC PRODUCT wrap   X^(N-1) * X = X^N = -1
  The purpose of this ring. The product passes degree N, returns to degree 0,
  and changes sign.

  a                         [ 0, 0, 0, 0, 0, 0, 0, 0, 0, 0, 0, 0, 0, 0, 0, 0, 0, 0, 0, 0, 0, 0, 0, 0, 0, 0, 0, 0, 0, 0, 0, 1 ]
  b                         [ 0, 1, 0, 0, 0, 0, 0, 0, 0, 0, 0, 0, 0, 0, 0, 0, 0, 0, 0, 0, 0, 0, 0, 0, 0, 0, 0, 0, 0, 0, 0, 0 ]
  NTT(a)                    [ 64, 705, 646, 123, 306, 463, 253, 516, 197, 572, 90, 679, 245, 524, 190, 579, 684, 85, 656, 113, 675, 94, 445, 324, 231, 538, 289, 480, 744, 25, 12, 757 ]
  NTT(b)                    [ 12, 757, 744, 25, 289, 480, 231, 538, 445, 324, 675, 94, 656, 113, 684, 85, 190, 579, 245, 524, 90, 679, 197, 572, 253, 516, 306, 463, 646, 123, 64, 705 ]
  one product per slot      [ 768, 768, 768, 768, 768, 768, 768, 768, 768, 768, 768, 768, 768, 768, 768, 768, 768, 768, 768, 768, 768, 768, 768, 768, 768, 768, 768, 768, 768, 768, 768, 768 ]
  INTT of that              [ 768, 0, 0, 0, 0, 0, 0, 0, 0, 0, 0, 0, 0, 0, 0, 0, 0, 0, 0, 0, 0, 0, 0, 0, 0, 0, 0, 0, 0, 0, 0, 0 ]
  schoolbook product        [ 768, 0, 0, 0, 0, 0, 0, 0, 0, 0, 0, 0, 0, 0, 0, 0, 0, 0, 0, 0, 0, 0, 0, 0, 0, 0, 0, 0, 0, 0, 0, 0 ]   MATCH
  multiplications           direct 1024
                            through the transform 288 = 240 in butterflies + 32 pointwise + 16 by N^-1

--------------------------------------------------------------------------------
NEGACYCLIC PRODUCT random   two random polynomials
  The realistic case.

  a                         [ 356, 596, 242, 500, 768, 527, 96, 527, 216, 281, 736, 273, 432, 12, 505, 95, 431, 277, 660, 605, 579, 526, 639, 1, 396, 112, 750, 563, 378, 41, 716, 690 ]
  b                         [ 618, 678, 339, 193, 58, 397, 178, 727, 531, 363, 375, 359, 699, 159, 138, 641, 572, 743, 450, 722, 226, 592, 63, 59, 107, 11, 49, 522, 700, 543, 294, 760 ]
  NTT(a)                    [ 238, 411, 459, 445, 749, 221, 224, 418, 273, 260, 113, 556, 445, 596, 521, 524, 741, 194, 46, 615, 399, 11, 758, 452, 745, 113, 100, 22, 375, 428, 42, 667 ]
  NTT(b)                    [ 630, 676, 288, 97, 667, 286, 112, 190, 41, 696, 448, 579, 31, 590, 121, 493, 638, 469, 693, 86, 75, 339, 157, 85, 61, 17, 465, 105, 681, 430, 758, 313 ]
  one product per slot      [ 754, 227, 693, 101, 502, 148, 480, 213, 427, 245, 639, 482, 722, 207, 752, 717, 592, 244, 349, 598, 703, 653, 580, 739, 74, 383, 360, 3, 67, 249, 307, 372 ]
  INTT of that              [ 88, 292, 416, 98, 643, 303, 711, 557, 699, 318, 599, 358, 632, 645, 703, 243, 492, 377, 644, 617, 332, 750, 247, 385, 283, 196, 648, 150, 550, 634, 119, 80 ]
  schoolbook product        [ 88, 292, 416, 98, 643, 303, 711, 557, 699, 318, 599, 358, 632, 645, 703, 243, 492, 377, 644, 617, 332, 750, 247, 385, 283, 196, 648, 150, 550, 634, 119, 80 ]   MATCH
  multiplications           direct 1024
                            through the transform 288 = 240 in butterflies + 32 pointwise + 16 by N^-1

--------------------------------------------------------------------------------
RESULT  n32-b10-q769: 173 checks, 0 failures  ALL PASSED

